{
  "causal_result": {
    "method": "ScalableParallelDiscovery",
    "total_chunks": 5,
    "successful_chunks": 5,
    "failed_chunks": 0,
    "cached_chunks": 3,
    "total_edges_found": 392,
    "chunk_results": [
      {
        "chunk_id": 0,
        "result": {
          "method": "SimpleLinearCausal",
          "edges_found": 72,
          "adjacency_matrix": [
            [
              0,
              1,
              1,
              1,
              1,
              1,
              0,
              0,
              0,
              0,
              0,
              0
            ],
            [
              1,
              0,
              1,
              1,
              1,
              1,
              1,
              0,
              0,
              0,
              0,
              0
            ],
            [
              1,
              1,
              0,
              1,
              1,
              1,
              1,
              0,
              0,
              0,
              0,
              0
            ],
            [
              1,
              1,
              1,
              0,
              1,
              1,
              1,
              0,
              0,
              0,
              0,
              0
            ],
            [
              1,
              1,
              1,
              1,
              0,
              1,
              1,
              1,
              1,
              0,
              0,
              0
            ],
            [
              1,
              1,
              1,
              1,
              1,
              0,
              1,
              1,
              1,
              0,
              0,
              0
            ],
            [
              0,
              1,
              1,
              1,
              1,
              1,
              0,
              1,
              1,
              1,
              0,
              0
            ],
            [
              0,
              0,
              0,
              0,
              1,
              1,
              1,
              0,
              1,
              1,
              1,
              0
            ],
            [
              0,
              0,
              0,
              0,
              1,
              1,
              1,
              1,
              0,
              1,
              1,
              1
            ],
            [
              0,
              0,
              0,
              0,
              0,
              0,
              1,
              1,
              1,
              0,
              1,
              1
            ],
            [
              0,
              0,
              0,
              0,
              0,
              0,
              0,
              1,
              1,
              1,
              0,
              1
            ],
            [
              0,
              0,
              0,
              0,
              0,
              0,
              0,
              0,
              1,
              1,
              1,
              0
            ]
          ],
          "confidence_scores": [
            [
              0.0,
              0.9402060145241528,
              0.85483596020975,
              0.6970827034313573,
              0.5611253185125785,
              0.443872878606925,
              0.28706946912325204,
              0.21996522199682125,
              0.1811639367355093,
              0.10984834448351512,
              0.017065882320996865,
              0.03838094381537659
            ],
            [
              0.9402060145241528,
              0.0,
              0.9034005294489992,
              0.7301387320436998,
              0.5767204982434831,
              0.4537149607352052,
              0.30227434430733197,
              0.24463619403322706,
              0.20739877719674873,
              0.12535525943549666,
              0.029400204469651133,
              0.04227296503955963
            ],
            [
              0.85483596020975,
              0.9034005294489992,
              0.0,
              0.830183501485564,
              0.6542668840746125,
              0.5197851411530219,
              0.35371172847015475,
              0.28327073647318135,
              0.23466979625300793,
              0.17499552353180847,
              0.08079996227538633,
              0.012504053459946863
            ],
            [
              0.6970827034313573,
              0.7301387320436998,
              0.830183501485564,
              0.0,
              0.8040921979335528,
              0.6119633282522534,
              0.42990549255924443,
              0.29754331251771665,
              0.22951562838890457,
              0.17911069118101022,
              0.07044304615432137,
              0.02505782686803447
            ],
            [
              0.5611253185125785,
              0.5767204982434831,
              0.6542668840746125,
              0.8040921979335528,
              0.0,
              0.7454177545858394,
              0.5406044937388828,
              0.386747376295723,
              0.30627139482038834,
              0.22553371398450728,
              0.0830476838951715,
              0.0017687872691795996
            ],
            [
              0.443872878606925,
              0.4537149607352052,
              0.5197851411530219,
              0.6119633282522534,
              0.7454177545858394,
              0.0,
              0.7250204100213822,
              0.5179745374925149,
              0.40429882395434474,
              0.2984994018721758,
              0.14564638913945976,
              0.05409680383235469
            ],
            [
              0.28706946912325204,
              0.30227434430733197,
              0.35371172847015475,
              0.42990549255924443,
              0.5406044937388828,
              0.7250204100213822,
              0.0,
              0.7108974133475717,
              0.4860928913087764,
              0.3620531746759871,
              0.23971197508834383,
              0.11434150312620969
            ],
            [
              0.21996522199682125,
              0.24463619403322706,
              0.28327073647318135,
              0.29754331251771665,
              0.386747376295723,
              0.5179745374925149,
              0.7108974133475717,
              0.0,
              0.6893969363555937,
              0.48175294074880526,
              0.3281869678832475,
              0.16475995944728297
            ],
            [
              0.1811639367355093,
              0.20739877719674873,
              0.23466979625300793,
              0.22951562838890457,
              0.30627139482038834,
              0.40429882395434474,
              0.4860928913087764,
              0.6893969363555937,
              0.0,
              0.7048261374982443,
              0.5129432531416243,
              0.3444647034423499
            ],
            [
              0.10984834448351512,
              0.12535525943549666,
              0.17499552353180847,
              0.17911069118101022,
              0.22553371398450728,
              0.2984994018721758,
              0.3620531746759871,
              0.48175294074880526,
              0.7048261374982443,
              0.0,
              0.7214149427151737,
              0.48199521595796346
            ],
            [
              0.017065882320996865,
              0.029400204469651133,
              0.08079996227538633,
              0.07044304615432137,
              0.0830476838951715,
              0.14564638913945976,
              0.23971197508834383,
              0.3281869678832475,
              0.5129432531416243,
              0.7214149427151737,
              0.0,
              0.7104908012409015
            ],
            [
              0.03838094381537659,
              0.04227296503955963,
              0.012504053459946863,
              0.02505782686803447,
              0.0017687872691795996,
              0.05409680383235469,
              0.11434150312620969,
              0.16475995944728297,
              0.3444647034423499,
              0.48199521595796346,
              0.7104908012409015,
              0.0
            ]
          ],
          "metadata": {
            "threshold": 0.3,
            "n_variables": 12,
            "n_edges": "72",
            "variable_names": [
              "X1",
              "X2",
              "X3",
              "X4",
              "X5",
              "X6",
              "X7",
              "X8",
              "X9",
              "X10",
              "X11",
              "X12"
            ]
          }
        },
        "cached": false
      },
      {
        "chunk_id": 1,
        "result": {
          "method": "SimpleLinearCausal",
          "edges_found": 80,
          "adjacency_matrix": [
            [
              0,
              1,
              1,
              1,
              1,
              1,
              1,
              0,
              0,
              0,
              0,
              0
            ],
            [
              1,
              0,
              1,
              1,
              1,
              1,
              1,
              0,
              0,
              0,
              0,
              0
            ],
            [
              1,
              1,
              0,
              1,
              1,
              1,
              1,
              1,
              0,
              0,
              0,
              0
            ],
            [
              1,
              1,
              1,
              0,
              1,
              1,
              1,
              1,
              0,
              0,
              0,
              0
            ],
            [
              1,
              1,
              1,
              1,
              0,
              1,
              1,
              1,
              1,
              0,
              0,
              0
            ],
            [
              1,
              1,
              1,
              1,
              1,
              0,
              1,
              1,
              1,
              1,
              0,
              0
            ],
            [
              1,
              1,
              1,
              1,
              1,
              1,
              0,
              1,
              1,
              1,
              1,
              0
            ],
            [
              0,
              0,
              1,
              1,
              1,
              1,
              1,
              0,
              1,
              1,
              1,
              0
            ],
            [
              0,
              0,
              0,
              0,
              1,
              1,
              1,
              1,
              0,
              1,
              1,
              0
            ],
            [
              0,
              0,
              0,
              0,
              0,
              1,
              1,
              1,
              1,
              0,
              1,
              1
            ],
            [
              0,
              0,
              0,
              0,
              0,
              0,
              1,
              1,
              1,
              1,
              0,
              1
            ],
            [
              0,
              0,
              0,
              0,
              0,
              0,
              0,
              0,
              0,
              1,
              1,
              0
            ]
          ],
          "confidence_scores": [
            [
              0.0,
              0.9356591152729429,
              0.8378458560063686,
              0.692362315496698,
              0.5571254202671045,
              0.4432304142100251,
              0.3177645315788158,
              0.26634762597403067,
              0.19120591146598495,
              0.13155251180539337,
              0.14064954171404428,
              0.034283208736470325
            ],
            [
              0.9356591152729429,
              0.0,
              0.8911847661185673,
              0.7432585136040039,
              0.5960599485798609,
              0.4657379508922674,
              0.3426779910040512,
              0.28310272812152576,
              0.2009521975194827,
              0.1432732251386071,
              0.14341655967450156,
              0.031891803477150975
            ],
            [
              0.8378458560063686,
              0.8911847661185673,
              0.0,
              0.8308658033047241,
              0.6674021125135222,
              0.5287649124087189,
              0.36834169704577885,
              0.32574635063355195,
              0.22370377621983806,
              0.17452378426972406,
              0.1774707246376372,
              0.05817398544987673
            ],
            [
              0.692362315496698,
              0.7432585136040039,
              0.8308658033047241,
              0.0,
              0.7987429040555316,
              0.6289276521911815,
              0.4444068206110127,
              0.3919990690379934,
              0.26132401168468494,
              0.22620428381961355,
              0.20334487187515315,
              0.09649008003243871
            ],
            [
              0.5571254202671045,
              0.5960599485798609,
              0.6674021125135222,
              0.7987429040555316,
              0.0,
              0.7649540895931267,
              0.5799596810765208,
              0.46970488791266063,
              0.31972183998693704,
              0.2464822448414122,
              0.19161746284727424,
              0.1363923452013554
            ],
            [
              0.4432304142100251,
              0.4657379508922674,
              0.5287649124087189,
              0.6289276521911815,
              0.7649540895931267,
              0.0,
              0.7362338984409286,
              0.5586062539253741,
              0.3972802109777151,
              0.3178973875787398,
              0.23710498064751587,
              0.13197381206529818
            ],
            [
              0.3177645315788158,
              0.3426779910040512,
              0.36834169704577885,
              0.4444068206110127,
              0.5799596810765208,
              0.7362338984409286,
              0.0,
              0.7244060103302152,
              0.5056249865726563,
              0.3857275191512745,
              0.3226701758330245,
              0.2052317385794945
            ],
            [
              0.26634762597403067,
              0.28310272812152576,
              0.32574635063355195,
              0.3919990690379934,
              0.46970488791266063,
              0.5586062539253741,
              0.7244060103302152,
              0.0,
              0.7211834989668812,
              0.5162230224616312,
              0.4206209805225242,
              0.29827059524425364
            ],
            [
              0.19120591146598495,
              0.2009521975194827,
              0.22370377621983806,
              0.26132401168468494,
              0.31972183998693704,
              0.3972802109777151,
              0.5056249865726563,
              0.7211834989668812,
              0.0,
              0.6878012047914108,
              0.5006931496762579,
              0.29190904251667826
            ],
            [
              0.13155251180539337,
              0.1432732251386071,
              0.17452378426972406,
              0.22620428381961355,
              0.2464822448414122,
              0.3178973875787398,
              0.3857275191512745,
              0.5162230224616312,
              0.6878012047914108,
              0.0,
              0.707889948324215,
              0.46754361708430686
            ],
            [
              0.14064954171404428,
              0.14341655967450156,
              0.1774707246376372,
              0.20334487187515315,
              0.19161746284727424,
              0.23710498064751587,
              0.3226701758330245,
              0.4206209805225242,
              0.5006931496762579,
              0.707889948324215,
              0.0,
              0.6994945381105315
            ],
            [
              0.034283208736470325,
              0.031891803477150975,
              0.05817398544987673,
              0.09649008003243871,
              0.1363923452013554,
              0.13197381206529818,
              0.2052317385794945,
              0.29827059524425364,
              0.29190904251667826,
              0.46754361708430686,
              0.6994945381105315,
              0.0
            ]
          ],
          "metadata": {
            "threshold": 0.3,
            "n_variables": 12,
            "n_edges": "80",
            "variable_names": [
              "X1",
              "X2",
              "X3",
              "X4",
              "X5",
              "X6",
              "X7",
              "X8",
              "X9",
              "X10",
              "X11",
              "X12"
            ]
          }
        },
        "cached": false
      },
      {
        "chunk_id": 2,
        "result": {
          "method": "SimpleLinearCausal",
          "edges_found": 80,
          "adjacency_matrix": [
            [
              0,
              1,
              1,
              1,
              1,
              1,
              1,
              0,
              0,
              0,
              0,
              0
            ],
            [
              1,
              0,
              1,
              1,
              1,
              1,
              1,
              0,
              0,
              0,
              0,
              0
            ],
            [
              1,
              1,
              0,
              1,
              1,
              1,
              1,
              1,
              0,
              0,
              0,
              0
            ],
            [
              1,
              1,
              1,
              0,
              1,
              1,
              1,
              1,
              0,
              0,
              0,
              0
            ],
            [
              1,
              1,
              1,
              1,
              0,
              1,
              1,
              1,
              1,
              0,
              0,
              0
            ],
            [
              1,
              1,
              1,
              1,
              1,
              0,
              1,
              1,
              1,
              1,
              0,
              0
            ],
            [
              1,
              1,
              1,
              1,
              1,
              1,
              0,
              1,
              1,
              1,
              1,
              0
            ],
            [
              0,
              0,
              1,
              1,
              1,
              1,
              1,
              0,
              1,
              1,
              1,
              0
            ],
            [
              0,
              0,
              0,
              0,
              1,
              1,
              1,
              1,
              0,
              1,
              1,
              0
            ],
            [
              0,
              0,
              0,
              0,
              0,
              1,
              1,
              1,
              1,
              0,
              1,
              1
            ],
            [
              0,
              0,
              0,
              0,
              0,
              0,
              1,
              1,
              1,
              1,
              0,
              1
            ],
            [
              0,
              0,
              0,
              0,
              0,
              0,
              0,
              0,
              0,
              1,
              1,
              0
            ]
          ],
          "confidence_scores": [
            [
              0.0,
              0.9356591152729429,
              0.8378458560063686,
              0.692362315496698,
              0.5571254202671045,
              0.4432304142100251,
              0.3177645315788158,
              0.26634762597403067,
              0.19120591146598495,
              0.13155251180539337,
              0.14064954171404428,
              0.034283208736470325
            ],
            [
              0.9356591152729429,
              0.0,
              0.8911847661185673,
              0.7432585136040039,
              0.5960599485798609,
              0.4657379508922674,
              0.3426779910040512,
              0.28310272812152576,
              0.2009521975194827,
              0.1432732251386071,
              0.14341655967450156,
              0.031891803477150975
            ],
            [
              0.8378458560063686,
              0.8911847661185673,
              0.0,
              0.8308658033047241,
              0.6674021125135222,
              0.5287649124087189,
              0.36834169704577885,
              0.32574635063355195,
              0.22370377621983806,
              0.17452378426972406,
              0.1774707246376372,
              0.05817398544987673
            ],
            [
              0.692362315496698,
              0.7432585136040039,
              0.8308658033047241,
              0.0,
              0.7987429040555316,
              0.6289276521911815,
              0.4444068206110127,
              0.3919990690379934,
              0.26132401168468494,
              0.22620428381961355,
              0.20334487187515315,
              0.09649008003243871
            ],
            [
              0.5571254202671045,
              0.5960599485798609,
              0.6674021125135222,
              0.7987429040555316,
              0.0,
              0.7649540895931267,
              0.5799596810765208,
              0.46970488791266063,
              0.31972183998693704,
              0.2464822448414122,
              0.19161746284727424,
              0.1363923452013554
            ],
            [
              0.4432304142100251,
              0.4657379508922674,
              0.5287649124087189,
              0.6289276521911815,
              0.7649540895931267,
              0.0,
              0.7362338984409286,
              0.5586062539253741,
              0.3972802109777151,
              0.3178973875787398,
              0.23710498064751587,
              0.13197381206529818
            ],
            [
              0.3177645315788158,
              0.3426779910040512,
              0.36834169704577885,
              0.4444068206110127,
              0.5799596810765208,
              0.7362338984409286,
              0.0,
              0.7244060103302152,
              0.5056249865726563,
              0.3857275191512745,
              0.3226701758330245,
              0.2052317385794945
            ],
            [
              0.26634762597403067,
              0.28310272812152576,
              0.32574635063355195,
              0.3919990690379934,
              0.46970488791266063,
              0.5586062539253741,
              0.7244060103302152,
              0.0,
              0.7211834989668812,
              0.5162230224616312,
              0.4206209805225242,
              0.29827059524425364
            ],
            [
              0.19120591146598495,
              0.2009521975194827,
              0.22370377621983806,
              0.26132401168468494,
              0.31972183998693704,
              0.3972802109777151,
              0.5056249865726563,
              0.7211834989668812,
              0.0,
              0.6878012047914108,
              0.5006931496762579,
              0.29190904251667826
            ],
            [
              0.13155251180539337,
              0.1432732251386071,
              0.17452378426972406,
              0.22620428381961355,
              0.2464822448414122,
              0.3178973875787398,
              0.3857275191512745,
              0.5162230224616312,
              0.6878012047914108,
              0.0,
              0.707889948324215,
              0.46754361708430686
            ],
            [
              0.14064954171404428,
              0.14341655967450156,
              0.1774707246376372,
              0.20334487187515315,
              0.19161746284727424,
              0.23710498064751587,
              0.3226701758330245,
              0.4206209805225242,
              0.5006931496762579,
              0.707889948324215,
              0.0,
              0.6994945381105315
            ],
            [
              0.034283208736470325,
              0.031891803477150975,
              0.05817398544987673,
              0.09649008003243871,
              0.1363923452013554,
              0.13197381206529818,
              0.2052317385794945,
              0.29827059524425364,
              0.29190904251667826,
              0.46754361708430686,
              0.6994945381105315,
              0.0
            ]
          ],
          "metadata": {
            "threshold": 0.3,
            "n_variables": 12,
            "n_edges": "80",
            "variable_names": [
              "X1",
              "X2",
              "X3",
              "X4",
              "X5",
              "X6",
              "X7",
              "X8",
              "X9",
              "X10",
              "X11",
              "X12"
            ]
          }
        },
        "cached": true
      },
      {
        "chunk_id": 3,
        "result": {
          "method": "SimpleLinearCausal",
          "edges_found": 80,
          "adjacency_matrix": [
            [
              0,
              1,
              1,
              1,
              1,
              1,
              1,
              0,
              0,
              0,
              0,
              0
            ],
            [
              1,
              0,
              1,
              1,
              1,
              1,
              1,
              0,
              0,
              0,
              0,
              0
            ],
            [
              1,
              1,
              0,
              1,
              1,
              1,
              1,
              1,
              0,
              0,
              0,
              0
            ],
            [
              1,
              1,
              1,
              0,
              1,
              1,
              1,
              1,
              0,
              0,
              0,
              0
            ],
            [
              1,
              1,
              1,
              1,
              0,
              1,
              1,
              1,
              1,
              0,
              0,
              0
            ],
            [
              1,
              1,
              1,
              1,
              1,
              0,
              1,
              1,
              1,
              1,
              0,
              0
            ],
            [
              1,
              1,
              1,
              1,
              1,
              1,
              0,
              1,
              1,
              1,
              1,
              0
            ],
            [
              0,
              0,
              1,
              1,
              1,
              1,
              1,
              0,
              1,
              1,
              1,
              0
            ],
            [
              0,
              0,
              0,
              0,
              1,
              1,
              1,
              1,
              0,
              1,
              1,
              0
            ],
            [
              0,
              0,
              0,
              0,
              0,
              1,
              1,
              1,
              1,
              0,
              1,
              1
            ],
            [
              0,
              0,
              0,
              0,
              0,
              0,
              1,
              1,
              1,
              1,
              0,
              1
            ],
            [
              0,
              0,
              0,
              0,
              0,
              0,
              0,
              0,
              0,
              1,
              1,
              0
            ]
          ],
          "confidence_scores": [
            [
              0.0,
              0.9356591152729429,
              0.8378458560063686,
              0.692362315496698,
              0.5571254202671045,
              0.4432304142100251,
              0.3177645315788158,
              0.26634762597403067,
              0.19120591146598495,
              0.13155251180539337,
              0.14064954171404428,
              0.034283208736470325
            ],
            [
              0.9356591152729429,
              0.0,
              0.8911847661185673,
              0.7432585136040039,
              0.5960599485798609,
              0.4657379508922674,
              0.3426779910040512,
              0.28310272812152576,
              0.2009521975194827,
              0.1432732251386071,
              0.14341655967450156,
              0.031891803477150975
            ],
            [
              0.8378458560063686,
              0.8911847661185673,
              0.0,
              0.8308658033047241,
              0.6674021125135222,
              0.5287649124087189,
              0.36834169704577885,
              0.32574635063355195,
              0.22370377621983806,
              0.17452378426972406,
              0.1774707246376372,
              0.05817398544987673
            ],
            [
              0.692362315496698,
              0.7432585136040039,
              0.8308658033047241,
              0.0,
              0.7987429040555316,
              0.6289276521911815,
              0.4444068206110127,
              0.3919990690379934,
              0.26132401168468494,
              0.22620428381961355,
              0.20334487187515315,
              0.09649008003243871
            ],
            [
              0.5571254202671045,
              0.5960599485798609,
              0.6674021125135222,
              0.7987429040555316,
              0.0,
              0.7649540895931267,
              0.5799596810765208,
              0.46970488791266063,
              0.31972183998693704,
              0.2464822448414122,
              0.19161746284727424,
              0.1363923452013554
            ],
            [
              0.4432304142100251,
              0.4657379508922674,
              0.5287649124087189,
              0.6289276521911815,
              0.7649540895931267,
              0.0,
              0.7362338984409286,
              0.5586062539253741,
              0.3972802109777151,
              0.3178973875787398,
              0.23710498064751587,
              0.13197381206529818
            ],
            [
              0.3177645315788158,
              0.3426779910040512,
              0.36834169704577885,
              0.4444068206110127,
              0.5799596810765208,
              0.7362338984409286,
              0.0,
              0.7244060103302152,
              0.5056249865726563,
              0.3857275191512745,
              0.3226701758330245,
              0.2052317385794945
            ],
            [
              0.26634762597403067,
              0.28310272812152576,
              0.32574635063355195,
              0.3919990690379934,
              0.46970488791266063,
              0.5586062539253741,
              0.7244060103302152,
              0.0,
              0.7211834989668812,
              0.5162230224616312,
              0.4206209805225242,
              0.29827059524425364
            ],
            [
              0.19120591146598495,
              0.2009521975194827,
              0.22370377621983806,
              0.26132401168468494,
              0.31972183998693704,
              0.3972802109777151,
              0.5056249865726563,
              0.7211834989668812,
              0.0,
              0.6878012047914108,
              0.5006931496762579,
              0.29190904251667826
            ],
            [
              0.13155251180539337,
              0.1432732251386071,
              0.17452378426972406,
              0.22620428381961355,
              0.2464822448414122,
              0.3178973875787398,
              0.3857275191512745,
              0.5162230224616312,
              0.6878012047914108,
              0.0,
              0.707889948324215,
              0.46754361708430686
            ],
            [
              0.14064954171404428,
              0.14341655967450156,
              0.1774707246376372,
              0.20334487187515315,
              0.19161746284727424,
              0.23710498064751587,
              0.3226701758330245,
              0.4206209805225242,
              0.5006931496762579,
              0.707889948324215,
              0.0,
              0.6994945381105315
            ],
            [
              0.034283208736470325,
              0.031891803477150975,
              0.05817398544987673,
              0.09649008003243871,
              0.1363923452013554,
              0.13197381206529818,
              0.2052317385794945,
              0.29827059524425364,
              0.29190904251667826,
              0.46754361708430686,
              0.6994945381105315,
              0.0
            ]
          ],
          "metadata": {
            "threshold": 0.3,
            "n_variables": 12,
            "n_edges": "80",
            "variable_names": [
              "X1",
              "X2",
              "X3",
              "X4",
              "X5",
              "X6",
              "X7",
              "X8",
              "X9",
              "X10",
              "X11",
              "X12"
            ]
          }
        },
        "cached": true
      },
      {
        "chunk_id": 4,
        "result": {
          "method": "SimpleLinearCausal",
          "edges_found": 80,
          "adjacency_matrix": [
            [
              0,
              1,
              1,
              1,
              1,
              1,
              1,
              0,
              0,
              0,
              0,
              0
            ],
            [
              1,
              0,
              1,
              1,
              1,
              1,
              1,
              0,
              0,
              0,
              0,
              0
            ],
            [
              1,
              1,
              0,
              1,
              1,
              1,
              1,
              1,
              0,
              0,
              0,
              0
            ],
            [
              1,
              1,
              1,
              0,
              1,
              1,
              1,
              1,
              0,
              0,
              0,
              0
            ],
            [
              1,
              1,
              1,
              1,
              0,
              1,
              1,
              1,
              1,
              0,
              0,
              0
            ],
            [
              1,
              1,
              1,
              1,
              1,
              0,
              1,
              1,
              1,
              1,
              0,
              0
            ],
            [
              1,
              1,
              1,
              1,
              1,
              1,
              0,
              1,
              1,
              1,
              1,
              0
            ],
            [
              0,
              0,
              1,
              1,
              1,
              1,
              1,
              0,
              1,
              1,
              1,
              0
            ],
            [
              0,
              0,
              0,
              0,
              1,
              1,
              1,
              1,
              0,
              1,
              1,
              0
            ],
            [
              0,
              0,
              0,
              0,
              0,
              1,
              1,
              1,
              1,
              0,
              1,
              1
            ],
            [
              0,
              0,
              0,
              0,
              0,
              0,
              1,
              1,
              1,
              1,
              0,
              1
            ],
            [
              0,
              0,
              0,
              0,
              0,
              0,
              0,
              0,
              0,
              1,
              1,
              0
            ]
          ],
          "confidence_scores": [
            [
              0.0,
              0.9356591152729429,
              0.8378458560063686,
              0.692362315496698,
              0.5571254202671045,
              0.4432304142100251,
              0.3177645315788158,
              0.26634762597403067,
              0.19120591146598495,
              0.13155251180539337,
              0.14064954171404428,
              0.034283208736470325
            ],
            [
              0.9356591152729429,
              0.0,
              0.8911847661185673,
              0.7432585136040039,
              0.5960599485798609,
              0.4657379508922674,
              0.3426779910040512,
              0.28310272812152576,
              0.2009521975194827,
              0.1432732251386071,
              0.14341655967450156,
              0.031891803477150975
            ],
            [
              0.8378458560063686,
              0.8911847661185673,
              0.0,
              0.8308658033047241,
              0.6674021125135222,
              0.5287649124087189,
              0.36834169704577885,
              0.32574635063355195,
              0.22370377621983806,
              0.17452378426972406,
              0.1774707246376372,
              0.05817398544987673
            ],
            [
              0.692362315496698,
              0.7432585136040039,
              0.8308658033047241,
              0.0,
              0.7987429040555316,
              0.6289276521911815,
              0.4444068206110127,
              0.3919990690379934,
              0.26132401168468494,
              0.22620428381961355,
              0.20334487187515315,
              0.09649008003243871
            ],
            [
              0.5571254202671045,
              0.5960599485798609,
              0.6674021125135222,
              0.7987429040555316,
              0.0,
              0.7649540895931267,
              0.5799596810765208,
              0.46970488791266063,
              0.31972183998693704,
              0.2464822448414122,
              0.19161746284727424,
              0.1363923452013554
            ],
            [
              0.4432304142100251,
              0.4657379508922674,
              0.5287649124087189,
              0.6289276521911815,
              0.7649540895931267,
              0.0,
              0.7362338984409286,
              0.5586062539253741,
              0.3972802109777151,
              0.3178973875787398,
              0.23710498064751587,
              0.13197381206529818
            ],
            [
